9995.39
9990.52
9983.35
9958.95
9955.53
9951.09
9949.84
9945.75
9926.31
9903.6
9902.34
9895.5
9873.41
9864.17
9858.67
9855.18
9851.34
9843.06
9794.03
9783.78
9781.22
9776.09
9764.42
9755.86
9755.8
9755.6
9753.46
9722.47
9702.76
9699.93
9683.79
9653.76
9652.68
9651.05
9633.62
9632.03
9631.01
9629.27
9621.29
9618.39
9604.91
9568.04
9565.69
9554.72
9522.6
9506.63
9493.54
9492.59
9490.34
9485.52
9466.56
9457.98
9456.25
9443.28
9442.28
9440.86
9416.25
9373.14
9363.66
9363.46
9363.01
9350.69
9338.39
9325.2
9300.59
9290.55
9286.11
9281.86
9281.08
9280.5
9277.81
9275.47
9259.31
9258.51
9249.33
9240.46
9237.97
9225.33
9209.65
9205.06
9191.72
9187.63
9161.04
9159.18
9147.34
9134.9
9114.76
9113.09
9103.0
9100.94
9089.77
9082.7
9082.25
9080.39
9076.23
9072.32
9069.48
9044.08
9041.07
9033.83
9032.2
9015.27
9004.1
9002.79
9001.17
8997.56
8983.39
8981.97
8967.82
8948.74
8948.33
8933.88
8931.88
8861.02
8848.23
8843.34
8818.64
8789.03
8786.32
8778.03
8769.91
8756.77
8745.03
8743.9
8740.03
8730.9
8720.78
8720.45
8716.18
8709.97
8706.33
8691.15
8686.5
8683.96
8671.28
8663.13
8661.01
8651.42
8613.2
8611.8
8604.68
8603.75
8590.01
8588.66
8577.58
8572.02
8557.19
8541.65
8526.86
8523.56
8514.54
8504.6
8503.08
8501.07
8499.57
8491.8
8468.84
8458.14
8451.56
8443.76
8440.57
8436.44
8435.06
8428.86
8428.38
8418.26
8392.02
8386.34
8369.28
8364.66
8363.09
8353.01
8351.59
8320.86
8308.31
8307.16
8294.88
8258.49
8248.91
8230.73
8225.44
8222.42
8220.9
8195.15
8171.98
8160.15
8147.37
8146.25
8137.64
8106.23
8101.62
8097.39
8088.56
8085.56
8085.31
8077.37
8072.57
8047.23
8042.0
8041.35
8039.55
8037.34
8023.25
8021.18
8020.97
8020.69
8020.21
8000.06
7998.5
7988.5
7984.93
7980.53
7972.55
7952.1
7943.88
7939.15
7934.4
7922.73
7917.17
7900.24
7885.86
7863.5
7849.23
7821.73
7810.77
7799.97
7796.61
7788.8
7774.65
7760.98
7722.87
7722.61
7718.46
7711.67
7707.1
7695.48
7684.28
7674.72
7670.13
7669.5
7662.6
7625.23
7613.91
7612.56
7607.49
7605.3
7600.82
7600.46
7598.96
7589.94
7589.55
7581.34
7581.01
7558.32
7553.61
7546.69
7543.9
7539.06
7513.14
7511.06
7503.92
7487.68
7487.22
7485.89
7476.49
7473.65
7430.16
7417.02
7376.8
7364.4
7361.19
7360.27
7351.23
7348.97
7344.63
7339.03
7319.42
7313.33
7312.23
7278.6
7273.91
7260.09
7242.39
7239.0
7229.91
7220.56
7203.03
7202.92
7201.84
7198.29
7196.19
7196.17
7188.78
7186.32
7183.96
7166.78
7163.23
7144.32
7092.69
7080.34
7072.66
7072.18
7069.3
7054.32
7048.27
7040.11
7037.79
7033.84
7026.5
7025.95
7008.74
6991.55
6989.07
6983.62
6981.7
6976.41
6973.88
6961.63
6946.73
6942.88
6929.58
6924.31
6924.04
6888.98
6869.64
6869.2
6856.63
6849.45
6825.92
6823.45
6817.9
6794.82
6779.61
6776.29
6774.57
6766.97
6756.82
6754.3
6746.64
6739.79
6735.73
6644.23
6638.6
6620.89
6619.19
6617.68
6606.93
6605.68
6595.83
6584.35
6528.46
6524.33
6521.37
6513.31
6494.25
6470.1
6457.22
6445.96
6439.38
6425.18
6421.74
6409.77
6407.28
6393.96
6390.15
6386.02
6376.95
6360.66
6358.54
6352.73
6351.59
6343.0
6324.27
6317.98
6278.71
6277.08
6277.04
6264.19
6259.58
6253.44
6249.52
6244.12
6243.85
6231.48
6229.74
6207.13
6204.67
6200.97
6187.0
6177.29
6172.77
6164.37
6147.93
6146.46
6145.15
6138.03
6119.8
6111.7
6111.53
6108.61
6096.26
6090.6
6088.42
6081.99
6057.54
6051.25
6049.06
6039.19
6022.68
6010.75
6000.99
5991.63
5984.85
5941.79
5932.38
5929.72
5922.2
5908.84
5886.33
5860.52
5855.37
5807.77
5807.7
5792.63
5789.41
5783.59
5771.72
5769.64
5756.77
5754.64
5738.48
5736.04
5729.69
5725.46
5724.47
5710.77
5706.86
5704.59
5700.45
5683.24
5673.94
5641.59
5618.85
5615.32
5611.24
5593.97
5590.59
5587.69
5554.95
5542.36
5528.44
5526.41
5525.44
5522.45
5521.14
5515.28
5508.25
5501.58
5490.75
5482.36
5467.9
5462.78
5461.86
5444.2
5426.43
5402.66
5396.18
5394.07
5379.74
5370.15
5362.29
5352.7
5349.35
5347.12
5338.04
5332.64
5318.28
5308.95
5291.5
5275.13
5263.08
5227.34
5213.44
5204.93
5189.81
5185.58
5181.46
5179.41
5174.57
5167.93
5159.66
5157.97
5149.01
5145.09
5144.14
5121.66
5114.68
5113.07
5105.3
5096.01
5054.81
5054.64
5044.56
5029.31
5015.19
4995.04
4994.09
4973.44
4963.39
4961.79
4960.77
4944.65
4941.48
4931.76
4929.78
4918.37
4917.36
4880.31
4880.21
4874.36
4873.36
4872.54
4863.5
4857.25
4855.18
4853.74
4849.83
4846.16
4844.33
4842.89
4829.45
4813.72
4800.23
4788.76
4776.2
4767.54
4763.29
4737.11
4732.78
4720.39
4702.15
4690.52
4672.51
4671.56
4659.33
4655.37
4642.73
4615.62
4610.75
4610.58
4607.94
4594.26
4587.66
4538.89
4533.89
4529.83
4529.2
4500.86
4499.77
4499.55
4498.55
4489.62
4482.08
4453.45
4441.66
4438.19
4437.15
4411.26
4395.12
4373.9
4370.0
4363.7
4346.43
4335.07
4333.44
4322.17
4289.16
4260.26
4231.98
4230.51
4229.85
4211.62
4196.6
4186.77
4177.71
4172.68
4131.23
4126.43
4112.77
4111.65
4089.55
4083.46
4072.52
4058.45
4056.21
4042.18
4039.89
3996.86
3993.32
3984.76
3978.32
3961.95
3951.62
3933.56
3922.18
3921.14
3893.64
3892.3
3856.64
3833.03
3823.73
3819.37
3776.94
3776.63
3776.24
3771.49
3769.34
3763.84
3753.49
3737.58
3736.84
3732.31
3718.51
3718.5
3708.87
3704.06
3700.25
3688.89
3686.83
3679.31
3673.8
3672.16
3669.57
3666.93
3659.05
3651.52
3635.53
3624.85
3619.68
3619.5
3559.41
3544.46
3544.07
3541.68
3530.42
3524.87
3495.92
3487.08
3477.14
3468.48
3454.44
3453.12
3433.66
3429.59
3407.14
3394.86
3382.67
3377.37
3361.71
3354.65
3336.88
3332.19
3321.95
3321.58
3319.61
3309.76
3306.74
3297.14
3278.71
3273.27
3260.11
3257.82
3242.55
3237.86
3226.54
3222.85
3220.08
3216.33
3200.58
3193.47
3190.58
3177.67
3169.46
3158.49
3132.11
3128.41
3127.65
3100.5
3097.86
3077.88
3075.31
3070.9
3031.8
3015.98
3015.83
3015.61
3010.12
3005.99
3002.11
2997.85
2996.32
2993.45
2970.72
2964.01
2957.48
2937.55
2935.34
2923.07
2920.91
2910.66
2907.62
2906.97
2879.61
2878.76
2875.03
2871.87
2856.96
2827.9
2827.24
2805.7
2805.58
2770.88
2768.99
2767.12
2765.64
2765.55
2764.86
2761.14
2760.17
2751.64
2748.44
2744.71
2742.11
2735.3
2732.97
2730.41
2724.57
2702.43
2695.44
2654.37
2652.57
2598.66
2585.42
2561.96
2548.47
2543.55
2528.15
2518.24
2508.86
2494.5
2493.59
2488.67
2486.44
2471.32
2468.42
2464.36
2461.7
2458.15
2435.76
2432.46
2430.46
2425.37
2417.98
2401.59
2383.82
2377.88
2377.71
2371.34
2361.18
2346.95
2345.15
2344.66
2314.2
2295.27
2285.24
2265.74
2254.43
2247.5
2237.33
2228.1
2218.07
2213.98
2203.51
2175.27
2174.39
2171.05
2169.98
2166.31
2159.83
2141.6
2140.19
2139.7
2121.29
2119.47
2116.75
2114.85
2099.77
2092.05
2073.77
2056.9
2054.74
2052.24
2048.6
2032.98
2018.55
2010.31
2000.08
1975.76
1971.55
1971.15
1961.97
1942.31
1934.75
1928.15
1914.46
1899.53
1868.84
1865.55
1859.22
1856.82
1855.53
1843.84
1842.45
1806.61
1797.24
1794.18
1789.47
1783.86
1781.78
1764.24
1735.31
1733.4
1732.23
1709.59
1676.61
1666.65
1664.93
1651.84
1634.19
1628.78
1620.32
1619.3
1612.96
1600.44
1586.07
1584.62
1581.92
1576.91
1563.18
1554.66
1550.33
1549.71
1540.68
1540.63
1534.92
1522.08
1518.63
1518.28
1511.2
1504.82
1504.8
1504.04
1478.6
1463.05
1462.66
1428.32
1421.01
1407.14
1384.54
1370.21
1358.46
1357.2
1348.56
1338.4
1336.95
1320.05
1304.88
1292.45
1286.65
1264.95
1259.25
1235.86
1227.03
1209.76
1207.21
1205.32
1204.76
1197.52
1172.17
1149.92
1140.43
1127.94
1126.91
1125.46
1080.22
1078.03
1058.2
1051.9
1046.62
1044.55
1036.71
1036.03
1021.13
1020.32
1018.14
982.959
968.939
964.105
963.681
960.743
941.593
936.968
899.034
880.783
869.318
867.869
820.547
809.349
804.18
786.409
782.337
779.01
777.972
777.565
774.716
759.002
736.2
712.273
693.941
691.718
668.02
660.65
655.656
654.428
640.223
604.44
599.828
557.746
550.814
544.826
521.023
499.83
491.88
483.631
468.174
465.835
455.656
445.171
431.594
427.351
416.902
415.765
413.186
408.739
404.269
401.409
400.565
398.718
392.373
386.389
384.823
381.004
367.403
366.305
353.22
344.843
339.166
334.582
332.738
324.41
316.973
304.592
287.686
287.602
265.633
256.045
245.813
240.753
212.271
210.396
204.256
184.528
183.374
175.735
141.639
140.639
139.715
131.11
109.39
98.194
90.3642
75.3681
74.5887
65.4204
64.1908
63.5903
55.8285
53.3623
52.8459
18.8016
