4 2 2 24 1 7 1 8 5
24 8 30 2 0 7 3 24 11
2 16 2 15 9 15 1 6 34
2 0 6 1 5 7 4 5 22
21 6 3 3 3 10 2 8 23
11 15 10 5 26 4 8 12 2
3 19 8 4 0 6 16 1 2
3 6 6 2 3 14 6 9 5
1 17 13 37 5 4 11 22 9
0 6 1 2 10 19 14 1 42
2 22 0 7 2 3 23 5 20
9 20 3 57 29 0 15 30 14
2 10 6 13 6 13 17 14 15
8 7 11 13 9 5 12 2 23
0 0 2 18 10 23 1 16 46
1 9 20 14 8 4 1 5 0
21 2 13 11 12 1 4 7 46
11 2 1 11 1 1 15 28 42
8 42 11 13 0 2 8 14 39
24 22 3 55 11 4 15 5 5
17 13 13 25 4 14 42 1 1
1 19 29 1 5 18 16 2 60
23 14 11 27 7 6 2 11 6
6 6 11 23 2 3 10 2 28
4 2 20 8 2 8 6 4 3
3 1 4 5 0 0 0 29 17
6 1 3 31 7 8 11 8 45
31 1 1 21 5 2 14 0 10
3 8 15 11 12 15 26 2 40
16 3 17 10 11 19 21 14 15
5 5 1 7 3 2 9 2 22
10 25 14 4 2 2 1 20 2
18 17 3 23 7 5 13 3 5
7 1 0 3 6 3 5 0 19
5 10 18 5 3 9 1 10 73
3 13 17 7 6 6 14 6 5
2 2 6 9 9 6 8 51 2
14 5 2 11 15 9 6 3 1
1 4 10 2 7 3 49 1 37
6 22 4 22 0 4 4 9 4
13 1 2 53 21 5 2 8 9
15 42 10 42 1 21 11 4 15
24 4 12 26 13 6 3 12 15
7 45 2 25 12 2 1 18 4
6 40 13 1 13 9 13 19 30
7 7 1 4 4 4 46 4 5
5 9 24 2 1 16 5 0 21
6 1 7 22 8 5 9 15 7
2 7 2 2 0 7 4 4 1
8 4 4 33 13 15 21 0 1
9 6 1 8 45 2 0 19 36
5 6 10 28 8 1 1 19 3
8 1 6 18 10 11 2 13 16
0 10 10 1 3 0 2 18 1
3 22 20 4 3 2 27 3 54
34 5 15 2 0 16 11 19 18
3 42 4 1 35 21 14 1 5
10 3 1 23 6 17 14 22 5
0 18 7 45 10 16 16 27 46
7 9 14 5 19 9 14 49 21
7 15 15 33 5 0 0 4 16
16 1 7 3 0 2 15 0 1
7 20 33 11 4 5 5 18 10
1 9 5 21 1 1 11 1 16
7 1 34 5 0 0 20 3 2
1 38 1 2 6 21 2 2 9
7 9 2 1 6 10 9 6 43
8 1 0 5 9 1 4 1 3
3 25 5 7 35 3 10 2 49
5 5 1 44 23 8 2 1 5
20 12 11 27 3 10 31 12 11
1 55 7 4 3 4 13 17 8
0 6 8 0 19 16 2 27 31
11 1 25 1 0 6 17 34 34
5 27 7 1 33 6 10 4 34
0 45 11 7 0 1 0 0 0
16 2 25 18 27 0 13 1 2
2 22 1 2 3 23 13 6 49
2 0 2 2 0 2 18 6 4
14 7 3 29 3 4 20 1 9
15 20 6 0 0 3 1 3 20
0 27 1 55 1 1 3 3 3
4 1 9 14 18 0 34 20 8
4 14 7 24 6 3 5 9 8
8 12 9 7 8 5 9 12 16
8 27 20 26 3 20 8 0 32
5 39 11 41 3 3 7 3 49
12 11 7 3 2 1 21 13 30
3 4 7 63 23 4 24 21 21
11 5 12 15 15 8 6 22 1
11 5 3 17 1 15 4 6 3
4 4 18 4 6 1 18 10 1
2 8 25 34 2 2 12 0 3
3 6 0 7 1 3 14 31 13
6 3 36 19 7 2 12 32 31
10 17 6 23 21 23 17 24 5
0 10 3 3 17 8 4 5 33
7 1 16 3 8 0 3 7 19
4 2 10 4 14 4 17 14 7
9 9 3 0 6 12 4 18 21
24 1 1 24 9 1 12 37 30
8 2 4 7 6 4 1 28 6
4 14 1 21 4 6 1 6 3
13 16 36 11 8 0 12 9 26
12 3 14 14 21 21 0 5 13
4 7 6 20 15 1 23 13 15
4 17 1 12 6 11 10 2 11
7 25 1 8 8 3 3 5 5
2 6 9 18 13 0 3 12 47
4 9 10 1 30 4 1 10 0
15 3 2 6 14 1 7 5 24
10 12 2 0 12 6 12 10 9
9 23 1 14 2 7 4 4 15
8 7 2 16 3 4 31 14 6
0 2 11 20 21 3 39 50 2
5 13 12 40 3 6 1 1 32
8 5 2 4 1 7 8 18 46
19 17 10 4 10 14 32 9 26
2 10 15 6 1 4 1 0 27
8 1 19 10 10 2 16 1 6
3 10 1 5 5 15 0 16 17
13 15 2 14 21 11 7 5 31
18 7 22 17 1 0 11 14 23
13 8 16 2 15 3 4 3 35
1 3 10 22 1 3 1 16 6
12 4 10 15 1 1 10 30 5
6 10 67 6 4 5 3 10 8
6 26 9 8 0 14 2 24 51
5 36 12 21 10 35 7 7 3
6 1 1 25 8 8 22 1 1
3 4 10 17 15 6 5 5 15
2 9 6 2 0 4 28 20 4
17 5 12 1 16 12 2 16 12
13 12 9 34 36 16 10 15 24
1 1 2 17 3 8 3 8 18
8 7 7 30 3 13 11 6 22
4 12 7 45 5 1 10 6 3
4 0 21 4 1 0 6 28 6
1 2 17 19 12 2 4 15 15
1 6 0 29 12 8 6 18 3
6 6 8 17 14 7 12 2 25
7 10 12 46 8 15 18 7 20
1 19 6 14 19 14 14 21 19
4 4 6 11 14 16 2 11 23
11 4 23 11 17 5 4 25 3
1 15 10 30 10 4 5 7 8
2 3 2 36 6 5 7 2 8
3 5 0 2 1 3 0 15 4
5 1 1 15 2 13 5 2 16
11 10 1 3 11 2 6 15 36
19 3 1 5 5 4 5 12 14
8 14 4 29 2 4 0 29 17
14 4 16 9 1 3 10 4 3
16 14 22 20 7 1 23 43 16
3 5 3 30 0 29 3 29 4
7 43 1 5 13 4 2 5 11
5 46 15 15 14 5 10 12 2
8 10 1 5 14 4 12 17 11
7 1 5 22 9 3 37 1 4
3 3 9 29 9 6 13 6 10
1 0 1 5 9 9 6 1 13
15 17 4 6 3 4 18 3 2
1 2 2 7 6 4 1 7 2
7 2 8 1 3 7 3 13 7
21 2 6 9 0 2 25 6 14
2 3 15 7 3 27 11 19 12
0 26 0 2 5 2 15 11 13
3 27 3 15 13 3 2 5 7
3 4 13 39 6 23 16 0 7
9 13 2 4 7 0 4 20 14
5 10 2 1 17 1 4 11 53
7 19 4 0 1 7 17 1 4
9 24 2 1 6 15 4 24 13
3 3 5 35 8 23 2 15 33
2 1 6 4 8 2 10 14 9
2 9 7 7 2 4 12 5 0
5 13 22 1 0 1 7 32 25
4 1 7 5 3 6 19 11 5
1 3 0 10 4 5 1 24 23
5 10 1 10 1 11 7 2 24
6 13 12 6 1 13 27 6 4
5 4 20 19 3 1 17 29 14
2 1 6 1 6 0 2 2 2
22 11 4 17 1 30 7 8 2
3 7 7 10 19 11 7 14 3
6 9 1 2 11 1 12 22 20
8 1 17 22 0 4 2 16 15
1 3 1 3 6 6 16 2 12
5 11 3 16 1 10 19 5 13
22 0 5 14 9 5 8 9 11
21 15 3 10 12 5 14 1 1
2 22 2 22 3 12 1 1 119
13 31 4 7 15 4 22 9 3
3 1 12 23 0 4 1 10 5
6 5 4 13 6 1 23 6 13
8 9 10 14 3 6 1 18 10
4 13 0 12 0 1 4 21 2
9 37 13 0 5 0 5 3 17
5 1 1 1 10 7 16 6 0
3 8 17 22 20 5 22 9 11
25 26 4 2 7 3 22 12 31
17 0 1 11 6 1 13 12 41
3 7 4 5 10 14 2 11 25
8 8 4 3 4 2 9 10 33
14 7 7 16 3 6 19 30 2
26 12 15 29 21 2 3 4 0
1 8 10 32 1 1 4 5 14
5 34 2 6 11 7 32 9 61
5 5 23 13 3 6 7 3 11
8 9 16 16 7 3 5 9 11
5 22 20 1 3 12 4 16 16
16 15 2 26 2 6 18 23 34
3 5 1 23 0 7 12 15 5
26 1 16 8 6 8 5 14 0
1 0 15 23 16 5 0 17 21
6 11 9 7 18 20 9 16 52
2 7 11 8 4 12 4 26 9
22 4 2 52 4 1 17 4 1
2 5 18 0 16 4 11 5 7
6 33 2 10 1 6 3 11 0
1 30 24 9 14 2 13 22 18
13 12 0 32 18 3 17 36 5
2 11 9 11 1 6 15 14 19
3 50 3 6 0 2 4 10 2
5 4 32 2 1 7 2 0 13
5 21 7 19 0 1 6 11 6
19 6 0 13 9 0 34 1 1
1 6 10 4 16 19 3 1 1
14 4 1 7 11 18 31 9 55
0 42 9 6 16 0 6 9 22
4 8 19 8 8 2 2 41 3
1 3 3 2 1 6 3 8 7
1 8 24 2 5 16 15 24 26
9 4 4 9 8 14 5 2 12
7 5 7 24 4 10 2 9 32
8 19 5 0 19 14 34 1 8
12 20 3 13 5 6 0 1 5
14 7 6 7 1 11 31 36 4
8 1 14 10 10 6 37 18 11
12 17 8 3 6 3 8 3 39
1 4 35 5 1 4 18 9 12
6 8 6 20 1 6 9 15 7
1 15 2 12 5 21 2 16 13
5 4 15 8 3 1 7 14 4
14 9 13 6 1 2 25 25 8
4 8 1 24 6 14 1 3 8
34 6 2 10 22 4 5 6 26
4 26 7 12 9 0 5 2 2
6 1 0 0 5 5 2 5 2
0 7 4 6 4 9 9 42 18
0 5 1 21 10 0 5 5 22
3 18 22 9 3 22 9 5 10
0 9 19 2 5 3 7 28 22
2 8 12 29 4 0 0 4 28
0 12 2 20 0 34 14 8 7
7 1 12 2 1 2 0 4 24
3 20 11 1 0 1 18 28 17
14 37 29 15 31 6 28 17 15
17 8 1 4 1 2 0 4 8
2 5 13 1 7 6 15 15 14
18 10 7 11 4 4 9 2 10
1 1 3 17 24 10 24 3 36
1 4 2 10 5 5 4 9 4
13 5 29 7 2 5 37 21 50
4 6 1 28 5 1 2 4 2
14 2 4 19 2 7 49 21 3
5 2 12 16 0 0 13 7 5
2 7 1 2 14 6 3 16 1
4 28 4 9 10 5 26 9 29
5 10 11 14 1 14 6 18 33
4 8 4 17 8 11 24 21 16
4 1 5 9 5 3 22 1 2
3 41 10 3 5 2 31 2 6
11 11 1 14 0 6 0 17 5
11 13 1 7 1 2 22 9 25
1 7 17 4 12 12 31 1 6
1 0 6 8 11 1 9 7 2
1 9 23 8 3 6 11 16 17
14 12 3 14 10 8 8 1 11
3 75 8 13 1 6 2 11 8
2 3 21 6 3 4 4 20 20
15 7 6 10 3 1 18 57 35
4 9 28 62 12 21 10 7 2
1 12 12 11 14 20 7 3 6
14 10 2 11 4 7 1 0 42
1 20 24 1 2 4 0 4 5
23 24 13 1 0 3 19 11 5
9 1 7 1 25 1 3 9 13
12 13 8 18 12 4 13 24 18
1 28 30 6 14 12 2 33 31
5 18 6 21 5 6 5 10 13
4 21 1 0 7 11 10 6 14
25 1 6 13 2 4 11 11 5
4 18 2 5 3 30 17 2 11
3 8 1 33 17 19 1 28 14
12 9 45 7 4 1 29 2 6
3 17 24 11 1 9 18 8 0
10 4 2 4 7 7 6 10 12
3 13 6 30 5 26 26 32 10
34 25 8 4 1 3 3 16 12
19 10 0 41 3 3 1 11 0
9 1 9 4 3 2 16 4 24
9 3 12 3 1 6 17 7 24
1 16 8 14 7 1 14 11 10
0 17 1 1 5 1 13 18 13
23 10 17 17 3 0 7 8 4
1 4 12 25 4 4 6 1 2
5 21 12 0 15 5 2 38 63
3 13 14 27 7 3 15 5 17
10 24 2 73 20 5 14 19 37
1 3 0 4 11 13 63 20 21
4 0 11 8 3 3 3 3 68
6 46 4 4 9 2 6 15 3
17 7 47 22 6 2 20 24 1
8 26 21 7 3 17 1 18 5
4 1 6 8 7 5 20 27 4
0 5 34 3 2 4 3 1 1
4 36 26 9 7 12 6 1 3
3 2 54 11 7 0 1 1 19
6 33 9 20 35 32 16 3 5
2 7 4 4 18 3 3 7 52
0 25 0 3 1 1 3 17 27
2 25 23 44 4 14 10 3 30
6 0 1 24 2 5 3 7 10
6 14 23 9 9 11 9 30 72
8 2 14 9 4 8 7 5 2
2 45 4 2 6 3 3 6 14
10 13 1 3 2 10 2 16 10
20 4 5 35 0 6 14 9 55
3 0 4 8 3 3 19 7 34
1 15 3 18 5 24 19 15 3
6 28 29 1 13 2 7 17 5
0 9 17 0 15 13 5 5 3
8 2 9 11 3 3 25 1 30
13 37 8 1 5 5 0 10 6
2 1 1 10 1 7 6 2 12
2 10 22 6 2 1 0 20 10
3 16 8 3 6 5 19 11 1
2 13 11 13 17 11 16 7 46
4 24 1 38 1 8 21 7 42
19 9 13 6 16 5 43 2 1
5 40 11 11 2 3 4 26 5
0 14 13 0 1 7 2 0 19
11 28 2 17 12 9 8 3 16
0 3 15 1 9 10 17 4 0
1 11 25 6 7 7 2 12 19
9 19 12 8 6 7 12 5 10
3 25 12 1 14 21 20 32 18
6 16 0 12 13 6 9 3 5
1 6 23 23 1 9 10 10 6
2 4 11 15 7 6 6 14 9
3 10 4 1 1 1 1 16 49
7 5 2 28 4 7 19 4 23
5 28 4 23 1 7 8 19 6
1 3 0 9 6 6 24 11 20
26 14 6 34 3 11 2 3 5
9 1 8 9 6 5 24 6 15
5 35 5 23 0 8 22 8 5
4 6 22 2 3 6 11 4 43
4 8 2 14 2 2 4 15 24
10 12 2 6 1 1 18 0 3
4 25 11 16 2 1 11 7 11
2 1 16 2 5 3 4 2 12
5 7 3 5 2 17 8 10 1
8 6 1 23 13 22 9 9 5
7 3 11 2 4 11 52 9 5
2 28 6 21 4 17 1 16 2
40 4 11 1 29 1 2 20 45
1 6 7 6 0 9 1 3 2
13 3 11 2 4 6 10 4 1
5 6 15 12 3 1 4 7 2
4 12 26 5 9 3 23 1 7
6 2 8 15 0 11 6 2 5
32 15 8 0 2 23 20 18 7
21 2 16 1 5 4 59 27 3
3 18 3 14 3 3 3 1 8
0 7 7 4 4 2 22 7 9
12 5 3 3 2 3 0 4 45
4 5 18 11 7 7 20 4 93
2 11 1 12 7 5 2 28 50
3 19 5 21 7 10 1 18 0
4 21 4 6 2 8 3 22 5
15 15 9 27 18 2 31 9 28
4 14 13 7 1 6 21 24 3
6 37 41 12 4 12 32 18 1
6 1 28 28 19 8 8 19 14
9 17 2 10 2 13 4 11 40
13 8 15 0 0 10 0 12 3
12 12 35 30 2 0 22 1 55
5 12 14 2 3 6 3 26 23
1 3 5 1 1 15 21 1 46
6 2 9 20 20 2 16 22 10
11 16 8 18 2 2 9 5 14
1 12 7 27 9 9 4 18 25
1 13 21 1 2 0 15 1 58
28 22 17 8 7 6 1 6 27
2 47 2 27 1 12 5 48 14
1 4 4 30 4 0 18 9 6
12 4 4 20 2 2 11 14 31
2 19 3 0 1 2 3 37 7
0 5 4 12 4 7 59 5 1
0 3 9 5 0 18 14 19 3
18 8 24 19 8 9 1 13 25
3 30 13 14 20 1 0 9 14
7 10 32 16 6 1 5 28 3
2 12 0 7 6 5 5 5 3
1 7 19 27 9 11 11 6 21
10 8 3 5 1 14 4 20 9
4 2 4 13 4 0 12 23 14
1 3 26 5 3 3 2 3 2
22 25 8 15 7 0 0 43 3
13 4 37 5 10 1 13 6 14
8 1 6 4 2 9 3 9 1
6 16 3 15 8 1 4 5 23
2 6 13 7 2 0 6 9 27
6 4 3 2 25 3 11 3 14
3 8 1 6 0 14 12 17 13
11 1 26 10 3 3 4 18 14
3 3 2 3 12 4 6 0 8
10 12 10 6 23 1 8 5 4
3 0 0 31 11 0 22 5 9
1 14 2 19 0 5 35 3 6
3 13 3 21 4 19 7 20 36
7 5 3 25 9 2 24 11 1
19 8 5 6 8 1 10 7 2
0 7 4 6 12 0 12 11 10
6 2 4 9 10 8 16 11 8
0 9 0 1 4 5 7 20 4
6 7 11 15 5 1 1 22 61
1 9 9 10 1 10 24 12 12
5 7 2 34 4 9 37 8 3
5 54 0 16 5 4 6 3 49
6 4 16 10 3 3 2 29 11
18 20 2 8 3 7 12 4 1
3 4 8 10 10 6 10 7 2
0 29 4 0 4 7 20 0 0
2 3 29 16 1 10 26 11 2
5 4 5 10 7 8 2 3 9
8 22 25 20 15 13 2 27 6
11 17 4 22 22 6 17 13 22
5 11 4 14 1 8 1 12 6
11 19 7 4 4 3 2 4 5
0 7 2 6 2 23 15 1 40
3 24 9 1 4 2 7 1 5
1 3 30 7 0 10 47 4 4
3 8 7 13 5 25 21 25 4
11 13 3 17 28 1 5 1 13
5 9 10 22 7 16 17 1 42
5 1 2 20 4 9 4 1 4
2 35 1 9 10 11 18 8 23
19 22 16 9 3 3 2 3 0
1 0 1 0 5 1 3 5 13
19 14 10 2 24 7 4 7 7
1 4 18 23 2 9 13 14 1
0 29 3 1 30 3 1 74 31
2 3 2 22 1 15 8 5 30
1 13 4 8 9 7 5 10 27
0 4 7 2 2 4 6 5 9
9 8 5 11 9 8 17 9 29
7 1 2 9 1 13 21 12 14
4 58 2 4 0 4 19 2 21
2 11 1 15 3 6 2 27 5
12 15 19 14 3 20 22 26 2
8 17 14 4 2 10 7 7 25
15 4 31 12 6 6 14 4 34
2 7 15 11 2 5 7 31 35
3 20 15 9 5 6 4 18 22
0 4 2 23 1 5 18 17 2
3 9 4 4 11 12 1 5 2
5 22 0 7 2 13 3 15 7
10 0 2 10 0 4 17 26 14
3 15 4 7 1 16 18 4 19
7 6 1 16 18 20 16 5 3
6 12 22 39 3 18 1 33 60
5 16 20 2 0 6 7 7 18
3 4 0 1 15 3 2 11 6
1 6 11 4 26 3 2 30 19
1 1 10 1 6 3 39 13 9
6 3 22 3 6 1 3 12 1
7 23 11 34 24 1 11 3 1
17 7 39 12 6 0 4 12 15
8 12 4 2 1 5 0 6 2
1 14 14 4 2 7 39 3 14
0 24 18 1 10 3 1 6 34
1 15 7 17 3 1 1 7 7
6 9 15 15 8 5 8 54 23
1 40 0 16 0 14 10 1 16
16 2 1 19 2 10 4 0 2
5 1 9 24 8 1 11 6 32
1 31 19 27 0 12 25 16 28
10 5 25 7 2 1 7 0 8
2 6 5 6 13 6 0 14 5
1 5 11 0 4 7 25 5 18
9 4 5 10 0 11 8 6 1
6 29 1 0 1 4 7 8 6
0 9 0 4 8 3 41 13 30
6 11 2 4 3 5 14 24 11
5 6 26 9 31 13 11 70 75
0 7 6 6 4 0 6 14 19
10 15 5 12 2 0 21 9 7
3 4 3 21 10 7 16 4 15
6 33 9 11 46 0 1 5 11
1 18 3 22 5 20 3 2 4
2 0 16 12 3 1 21 2 34
4 33 2 1 5 1 14 2 2
10 4 7 4 3 2 9 3 28
4 7 0 16 9 0 9 4 8
7 2 8 9 7 5 15 16 1
14 8 2 0 2 4 8 9 29
11 2 1 13 6 5 12 5 4
8 26 8 1 5 10 11 1 8
1 20 2 2 8 8 5 13 42
11 3 7 13 0 7 13 13 4
2 5 8 8 0 5 0 1 0
10 14 1 3 11 14 5 35 13
0 4 3 41 1 5 7 15 13
1 7 3 5 7 6 31 2 15
4 2 11 7 21 3 7 2 3
3 9 2 29 5 4 2 8 13
7 63 3 3 1 10 7 7 9
0 6 7 14 11 9 5 3 18
9 15 17 35 0 3 1 34 39
6 2 5 2 10 4 7 49 12
1 7 48 12 5 4 2 2 4
15 9 5 10 2 1 6 3 3
10 5 2 14 15 2 1 0 1
5 8 0 1 7 5 1 4 76
4 7 2 14 3 8 1 26 57
2 5 2 7 1 5 10 15 8
14 25 5 31 4 16 34 8 13
4 11 17 7 1 2 10 16 15
2 26 7 4 1 13 7 10 40
25 3 11 6 0 6 18 41 72
8 32 7 4 3 1 1 17 3
3 6 30 61 8 13 8 32 60
3 6 8 4 3 10 41 16 26
5 10 14 9 2 9 0 8 1
1 11 20 5 24 2 4 37 50
1 8 22 2 13 3 13 2 18
4 2 6 4 7 0 1 2 5
10 3 15 24 3 4 15 14 8
0 0 4 45 1 13 23 4 19
1 80 19 26 4 0 4 13 18
3 17 19 12 5 1 6 5 10
12 1 2 3 1 2 9 1 8
3 45 12 1 1 9 41 0 3
26 5 18 13 8 7 8 4 2
7 17 6 1 6 6 4 17 20
5 5 16 39 9 11 13 22 50
3 22 51 10 11 3 6 7 1
0 64 5 2 6 1 12 14 20
2 0 7 47 6 15 18 8 16
6 3 6 10 6 3 9 2 3
16 12 9 42 7 7 5 19 4
5 8 31 3 9 0 15 13 14
6 9 1 4 1 3 16 12 48
1 3 1 4 1 10 23 1 8
5 7 2 17 18 8 14 2 9
8 26 1 4 5 7 6 15 21
9 9 5 14 6 7 20 21 20
6 16 15 52 2 2 3 43 3
16 14 4 5 3 2 7 13 19
1 1 6 22 12 22 3 8 13
12 5 5 10 18 1 5 28 8
7 2 4 20 0 0 2 5 10
3 20 2 0 16 2 7 15 1
4 47 9 65 12 24 6 5 36
6 18 16 36 4 21 4 3 62
3 5 4 22 8 1 48 13 1
2 2 15 5 6 11 30 10 15
15 0 0 20 6 11 11 8 3
6 22 5 10 2 10 24 1 9
0 0 1 1 2 3 28 10 43
8 9 7 5 4 6 5 3 2
1 21 10 5 3 5 14 30 21
5 21 14 33 13 12 1 38 2
3 27 11 5 6 2 23 28 16
4 4 18 11 3 8 3 13 1
10 7 0 9 17 13 4 20 19
1 30 10 3 2 6 28 11 3
1 9 1 19 21 3 11 9 20
3 20 5 6 6 13 6 1 23
2 6 9 39 5 5 11 15 29
1 14 6 5 11 37 6 10 48
10 3 6 9 5 3 30 31 33
10 5 35 10 6 3 2 9 37
8 3 10 9 3 3 52 14 3
29 2 12 34 20 23 6 7 11
9 6 5 12 1 11 10 14 8
23 24 37 25 5 1 8 1 13
14 1 3 0 0 4 16 37 9
8 6 20 3 1 2 12 15 9
4 5 2 26 2 0 22 2 13
0 14 9 11 6 7 26 9 18
3 5 10 19 0 0 12 3 3
19 34 22 6 4 2 9 4 12
5 2 11 1 1 3 14 17 45
3 14 7 0 0 14 13 21 38
9 9 2 27 4 1 18 21 12
0 6 16 10 20 25 3 1 3
6 18 28 10 1 7 1 2 20
18 23 8 23 6 1 0 7 14
1 4 5 14 2 13 8 19 24
4 1 17 12 7 7 10 3 21
2 4 21 38 2 10 8 1 6
7 1 14 3 2 0 12 26 6
5 6 1 4 14 1 1 8 30
9 1 1 7 3 3 5 4 13
1 20 9 7 4 9 2 12 45
2 5 17 9 13 2 12 2 2
13 3 9 15 23 9 16 6 1
1 18 3 14 13 1 4 4 13
0 8 3 49 8 6 20 3 9
1 27 8 3 9 12 20 7 25
5 3 2 11 3 27 25 0 29
0 5 1 11 3 6 19 5 6
4 3 7 25 2 4 7 7 3
2 5 9 1 13 13 4 6 3
2 5 2 1 3 6 3 27 42
12 16 3 2 1 5 12 0 24
0 8 3 3 9 6 22 18 9
8 1 20 25 3 2 1 7 13
6 14 6 9 5 2 20 11 7
3 4 5 2 3 15 5 10 16
22 7 6 6 1 6 4 0 35
5 1 4 1 7 0 9 2 12
9 0 2 2 3 4 9 7 23
4 24 4 1 12 11 8 3 44
0 9 26 36 0 48 4 1 17
2 12 18 22 3 15 51 8 4
4 1 12 3 4 6 9 8 9
3 1 10 4 1 2 3 1 4
2 5 4 27 7 22 15 7 6
7 8 17 25 15 16 10 1 7
2 12 23 12 30 24 4 4 1
5 9 1 16 9 4 1 11 2
0 5 8 5 27 1 2 21 58
1 7 1 8 7 9 5 4 18
3 11 32 7 1 5 9 20 4
0 26 16 2 15 1 14 3 3
11 7 0 18 5 5 20 49 2
5 6 5 3 9 0 2 2 2
7 15 34 26 9 14 13 20 22
15 10 48 1 3 4 1 2 45
5 50 25 14 5 3 1 15 1
1 37 2 4 7 17 3 8 16
1 3 6 27 1 0 23 2 9
2 3 8 3 10 6 2 7 1
4 10 16 9 9 11 14 0 8
7 4 23 4 4 1 15 4 4
11 2 4 3 4 6 17 14 7
3 28 16 6 3 4 3 27 2
0 12 1 7 2 4 4 9 30
4 4 1 14 1 3 0 4 26
7 1 7 60 3 4 19 17 27
2 0 12 5 0 3 7 7 16
17 19 2 18 2 5 28 27 13
2 36 18 1 6 19 10 9 6
0 6 1 23 6 1 10 30 3
21 7 10 11 3 4 17 1 18
2 0 8 22 2 6 13 5 2
7 32 11 41 21 1 1 18 18
2 6 9 8 3 0 1 31 8
5 16 7 3 0 6 21 19 28
3 9 2 9 1 1 3 1 1
2 3 19 40 4 2 9 30 14
6 1 7 0 6 2 8 21 5
0 14 1 27 1 7 1 10 24
1 20 22 3 1 1 1 1 14
3 12 7 38 2 6 8 3 3
10 18 0 1 12 10 2 14 28
10 19 5 10 21 2 7 2 7
6 4 5 3 7 0 15 10 6
3 1 8 9 13 3 9 26 3
2 1 19 2 12 8 9 6 15
11 26 15 2 4 1 10 12 22
7 6 4 32 8 4 7 3 6
11 19 2 43 1 2 21 3 2
5 18 7 2 6 4 31 16 32
0 5 7 19 22 20 2 24 17
6 6 20 25 1 8 1 2 22
3 75 33 7 5 10 36 11 7
3 10 1 3 6 4 16 6 8
8 9 3 5 1 8 3 50 30
16 1 65 13 4 41 11 21 11
3 21 1 17 1 9 21 5 7
2 2 13 15 13 2 62 3 8
7 7 5 9 3 4 8 0 33
5 13 12 0 0 6 2 16 21
14 12 1 3 17 2 36 11 2
2 12 4 13 2 11 1 17 2
5 4 1 7 11 11 2 18 28
8 38 9 7 12 2 9 0 3
12 66 14 43 2 4 4 27 18
1 45 6 3 5 10 5 27 13
1 1 4 0 10 3 11 2 2
13 17 2 0 6 1 17 9 9
1 25 4 24 24 3 4 2 27
0 10 12 12 9 11 44 16 13
2 6 14 7 2 5 11 3 2
10 0 11 3 2 6 9 1 12
13 6 13 13 4 3 6 1 1
1 1 17 18 3 2 8 17 10
0 6 11 3 1 10 25 6 49
4 34 0 0 10 4 16 7 32
1 23 27 2 0 0 46 17 7
2 5 2 13 3 6 5 9 23
1 8 2 1 19 1 1 33 35
5 15 4 6 10 1 4 30 4
3 31 0 15 1 3 22 17 20
4 2 3 3 2 11 5 4 20
4 6 10 5 16 3 13 3 3
14 11 1 1 17 0 1 10 3
4 8 26 2 16 1 7 1 7
2 8 10 51 18 0 12 4 52
0 50 2 3 13 12 4 36 21
3 1 4 8 5 12 6 14 20
5 3 16 23 4 3 8 7 4
6 1 7 9 1 5 16 4 7
6 12 4 5 23 4 13 7 43
5 25 10 3 3 14 1 3 6
3 16 14 11 2 16 1 19 1
6 11 4 46 1 0 4 8 64
8 3 5 13 8 3 4 27 18
1 44 21 8 3 7 3 27 42
1 0 13 3 7 3 10 10 12
6 30 1 11 7 2 0 3 43
3 10 18 55 8 12 24 2 3
5 8 1 7 7 1 3 20 21
6 7 4 1 0 2 2 10 34
4 12 2 5 18 9 2 27 9
0 20 9 2 3 1 3 16 21
3 54 8 1 5 0 6 12 1
7 21 10 10 2 2 13 10 3
4 18 1 23 11 17 7 39 4
6 3 0 5 5 0 27 11 13
17 0 2 40 8 0 10 3 6
13 36 20 1 3 8 2 3 10
1 14 5 5 2 8 5 10 4
3 8 17 29 4 14 2 5 13
1 67 16 8 13 10 5 27 2
0 1 4 9 1 0 33 7 5
6 20 20 20 1 3 11 1 27
5 3 2 1 3 2 25 23 1
7 4 36 19 2 0 1 19 4
1 17 11 7 3 5 4 2 16
8 21 11 9 3 16 14 6 5
17 4 2 56 22 4 39 15 21
0 24 7 3 0 3 28 6 18
4 16 17 1 4 8 15 32 74
7 13 5 30 6 8 1 10 17
5 10 5 3 6 2 16 19 5
1 16 11 17 1 4 10 2 32
2 33 16 4 6 5 12 7 1
3 10 10 0 0 2 6 3 25
7 0 9 35 1 3 11 22 10
0 8 10 34 9 7 15 43 3
2 12 10 5 24 2 39 41 5
1 6 7 46 0 6 10 57 18
18 12 8 7 8 0 1 11 22
8 6 12 26 6 3 8 29 6
9 27 3 0 1 8 8 1 22
1 12 12 19 6 3 5 48 1
3 1 11 2 10 1 22 12 20
2 2 9 10 18 5 22 29 15
5 7 10 4 6 3 0 5 34
4 15 19 8 1 21 2 2 21
2 1 5 0 2 6 11 19 11
1 14 5 20 2 16 7 9 9
10 11 15 14 0 5 9 7 14
5 14 14 3 26 13 10 44 2
1 12 26 14 11 7 1 10 34
0 1 5 7 13 0 3 8 1
10 1 7 5 5 2 1 16 4
21 6 2 1 5 12 0 3 15
7 5 2 9 3 2 38 18 2
0 1 10 1 12 9 9 2 4
11 4 0 0 2 3 2 4 43
0 5 2 12 21 5 19 7 33
1 7 11 3 4 10 24 7 13
6 1 12 22 14 0 20 23 4
2 1 7 2 0 14 4 13 27
13 9 3 16 6 10 6 21 4
1 16 12 16 3 11 7 2 17
4 50 7 16 1 7 4 5 18
1 14 4 40 5 15 3 3 11
0 14 4 4 13 1 37 10 8
9 1 8 7 5 6 34 3 22
6 10 1 3 8 11 10 11 6
4 30 8 48 20 2 4 2 2
4 2 13 22 17 12 6 4 7
19 4 9 14 13 1 17 1 31
6 14 7 27 1 4 7 2 7
10 8 8 30 16 9 12 15 17
4 2 37 21 1 2 6 16 2
6 10 2 8 1 16 47 0 1
4 8 3 19 2 9 5 2 16
1 22 4 17 2 5 15 1 14
0 10 4 2 1 18 4 11 1
2 12 1 4 0 6 8 19 27
2 3 0 28 2 13 4 0 2
11 18 3 6 10 11 16 25 48
8 3 8 17 4 2 18 14 4
3 3 1 3 5 2 2 5 12
0 13 8 2 4 3 6 22 2
2 12 0 2 3 2 15 1 18
20 25 5 2 2 7 3 6 2
4 12 7 0 7 2 10 18 17
18 3 7 1 4 1 1 10 10
3 5 7 0 2 4 6 7 17
0 14 1 3 1 8 15 2 6
18 16 1 11 7 3 1 15 24
2 23 4 18 2 9 4 3 97
9 13 6 6 9 1 7 30 6
1 13 6 8 6 2 10 2 33
22 4 9 17 6 4 1 5 18
12 13 22 23 3 6 4 15 6
4 3 3 17 3 17 3 17 11
4 6 11 5 3 40 30 1 14
3 3 24 1 0 6 45 26 50
5 3 11 25 7 17 1 6 4
0 12 0 9 0 4 2 5 24
1 5 20 19 8 1 14 17 3
2 18 1 3 3 3 34 2 48
13 4 4 1 2 33 1 19 1
5 0 5 5 2 10 3 50 10
3 14 3 9 26 0 10 3 7
15 2 8 23 0 14 3 2 3
1 4 41 4 11 0 13 1 4
4 5 2 30 7 17 2 2 34
2 16 1 10 7 2 2 7 6
29 15 6 2 15 9 2 2 11
1 23 9 6 2 21 10 2 14
4 6 12 6 6 5 7 2 2
10 4 9 1 2 3 8 6 4
2 10 4 16 8 2 5 1 11
2 13 11 27 1 1 11 7 17
1 41 15 3 9 0 21 18 6
1 5 12 6 6 2 15 4 76
21 13 1 8 21 9 2 21 28
2 8 4 27 6 2 13 20 0
9 14 16 1 13 1 18 3 20
1 44 0 1 18 8 2 5 16
13 9 6 15 10 27 0 12 13
3 5 5 5 1 1 2 2 45
2 40 2 0 0 1 1 2 1
10 4 6 6 1 44 26 20 23
14 24 5 7 1 11 21 8 31
20 13 0 27 25 32 1 0 1
2 1 2 4 12 5 15 3 16
9 2 6 9 0 3 31 7 12
8 5 0 11 2 9 10 2 18
6 3 11 12 4 11 20 13 16
3 7 20 39 1 0 7 12 1
11 11 7 5 3 14 5 25 3
1 8 4 19 1 6 7 14 58
2 10 11 30 14 1 17 19 5
12 4 32 26 1 6 6 6 36
2 19 15 7 15 3 16 12 8
2 2 1 4 4 8 35 5 12
1 2 4 6 21 7 5 20 20
17 4 1 21 5 18 11 47 26
17 16 6 5 0 7 6 4 1
1 4 5 12 3 6 60 14 11
7 1 4 6 29 7 8 18 3
4 7 1 3 3 16 14 12 42
3 1 3 7 1 5 21 17 32
3 19 8 30 4 8 3 17 17
14 4 6 0 8 16 2 29 4
0 12 21 92 28 25 3 6 2
10 4 24 12 7 9 3 9 2
15 21 25 10 8 2 0 15 40
15 30 17 2 31 5 0 50 10
0 3 19 2 33 1 1 11 24
10 23 4 33 9 1 22 4 32
1 4 9 0 2 5 21 5 11
3 6 7 20 3 10 13 8 21
11 11 4 11 3 2 29 4 49
1 2 3 43 2 6 10 3 23
1 2 1 12 4 5 2 3 32
14 34 5 12 9 31 37 4 7
1 4 11 2 3 14 5 4 2
19 28 5 15 0 5 19 11 58
3 18 2 3 7 1 10 3 40
6 3 3 34 3 5 11 8 32
4 29 2 11 13 1 51 9 2
5 6 13 8 8 5 14 24 3
15 8 5 21 0 7 1 41 0
6 11 7 8 0 4 12 12 6
10 13 18 25 1 2 11 11 48
1 5 17 4 2 3 14 1 7
3 2 4 5 9 18 24 2 77
3 22 10 12 6 3 8 7 10
9 1 1 15 2 5 9 8 21
13 3 15 3 6 21 9 28 18
4 20 18 8 1 8 1 17 5
4 4 13 30 0 13 0 14 1
5 4 9 3 1 13 1 5 8
46 27 4 14 3 1 8 19 6
2 34 1 9 3 3 3 4 8
1 5 1 3 12 3 17 1 12
7 2 18 1 1 10 5 17 2
5 5 25 23 5 14 30 0 4
2 4 7 15 4 13 19 10 18
2 6 13 16 0 14 10 1 73
3 7 14 7 50 1 5 20 16
2 18 11 8 1 29 0 16 8
14 11 40 10 11 3 4 8 8
1 1 6 2 4 17 29 23 37
0 3 13 14 5 5 5 48 15
3 0 5 16 14 34 14 6 24
1 15 3 8 13 4 28 58 28
12 31 11 16 20 22 7 11 9
0 43 5 13 2 4 1 0 6
0 16 13 21 12 4 1 4 6
5 3 3 5 0 2 1 16 3
0 4 14 8 2 10 26 30 1
3 48 1 14 0 13 6 20 17
14 40 27 2 4 1 7 19 3
8 26 29 23 15 2 11 5 11
3 4 5 8 6 4 9 4 9
3 15 3 1 6 2 48 15 20
1 3 7 5 15 4 4 14 6
5 5 11 0 9 23 6 3 14
13 17 19 4 1 6 9 2 3
11 2 27 9 3 1 1 11 1
5 31 14 25 4 1 9 6 38
5 23 1 1 8 15 40 0 1
6 10 2 17 3 4 13 27 20
13 0 4 31 5 2 14 5 19
13 37 1 18 4 28 25 9 18
10 9 11 21 1 2 1 22 16
4 10 7 2 4 6 9 5 1
12 1 6 9 18 4 12 13 37
7 11 6 5 3 0 0 2 2
2 3 0 32 8 6 7 23 0
0 6 4 1 2 4 10 16 7
0 7 1 31 1 8 6 6 1
4 7 3 10 8 5 9 11 4
1 1 1 2 1 5 8 3 21
22 21 7 5 12 23 6 16 1
1 2 5 3 6 14 7 1 13
26 14 2 3 11 3 4 33 9
10 8 11 9 4 5 0 16 7
42 3 1 0 2 2 7 8 32
3 40 46 29 19 8 1 2 10
4 6 5 24 1 16 9 13 6
1 16 1 7 9 2 10 16 14
14 3 1 17 6 0 15 7 91
4 10 1 27 31 5 4 21 20
2 6 5 9 4 1 10 30 33
15 9 10 8 3 15 10 2 9
7 25 23 12 2 5 16 2 10
2 8 4 0 8 9 6 2 4
5 20 2 7 8 8 1 2 1
21 18 2 6 4 0 4 1 6
11 20 6 4 1 24 11 1 16
3 9 17 10 1 8 14 8 7
3 11 8 8 5 3 12 33 22
8 4 15 1 1 7 9 5 19
5 42 16 2 3 3 58 24 9
7 12 25 0 0 5 9 7 1
16 2 0 13 12 3 6 22 7
0 6 12 17 17 9 9 1 0
15 1 23 5 8 5 3 14 13
10 4 0 24 2 1 25 21 59
1 4 17 10 3 2 4 1 3
0 13 3 0 5 3 31 22 0
4 2 13 0 15 0 1 16 5
1 13 1 2 13 4 0 6 22
2 15 17 8 9 5 14 15 1
0 14 25 1 1 0 17 2 48
12 3 12 1 4 3 3 10 4
7 12 9 6 16 3 3 5 1
9 1 16 20 1 5 14 2 16
10 32 16 16 10 0 7 23 10
11 1 1 0 8 8 12 1 14
0 5 31 1 1 0 26 23 2
3 11 3 1 3 2 22 1 56
17 10 17 6 3 19 7 6 17
1 1 13 17 0 1 14 2 3
9 1 0 27 4 7 2 8 0
3 6 1 5 2 9 2 12 1
1 2 6 18 2 5 8 0 14
6 16 13 19 4 12 20 5 5
4 9 14 9 15 1 12 3 9
3 6 1 7 5 2 25 4 11
4 20 7 0 4 2 17 3 21
6 0 1 25 5 7 11 0 12
10 14 13 3 0 1 4 7 18
6 6 34 1 10 11 11 18 4
14 11 5 12 1 4 15 1 50
3 14 39 30 4 8 13 13 19
13 0 2 10 6 6 8 13 6
2 4 1 8 1 9 26 18 40
3 9 32 4 16 8 4 19 2
20 9 17 13 3 15 20 25 11
3 6 2 16 8 5 22 3 18
6 1 6 9 4 0 7 15 44
1 0 13 4 29 2 1 11 16
