23
29
84
15
58
19
81
17
48
15
36
49
91
26
89
22
63
57
33
10
50
56
85
4
10
63
1
72
10
48
25
67
89
75
72
90
92
37
89
77
32
19
99
16
70
50
93
71
10
20
55
70
7
51
19
27
63
44
3
46
7
3
16
39
68
53
68
27
46
27
45
93
8
45
94
85
12
1
23
86
43
76
87
37
94
79
83
94
58
59
31
42
90
15
83
73
49
21
11
4
42
32
10
42
62
61
77
48
98
92
64
74
95
51
22
29
81
0
28
91
36
40
87
95
99
15
54
23
77
45
73
19
47
92
85
94
39
34
20
32
33
57
43
87
64
51
89
83
63
47
42
0
60
92
34
25
41
24
97
47
68
80
85
27
60
70
13
75
37
15
64
63
56
20
95
90
42
64
94
75
76
4
96
32
73
60
56
55
70
25
48
25
71
44
64
12
4
90
84
24
59
79
11
45
2
46
33
97
49
39
23
86
34
76
77
38
31
66
91
32
57
55
2
70
50
35
63
23
94
7
83
21
37
1
65
21
41
36
27
69
34
28
4
80
84
80
13
86
47
3
59
29
54
3
29
1
46
10
22
27
17
2
27
86
66
78
23
25
71
5
3
53
92
15
2
37
13
91
30
61
27
19
51
8
64
66
36
87
22
85
9
3
11
94
16
53
55
20
41
83
20
48
17
52
80
85
65
49
30
43
29
77
81
40
69
24
27
56
57
4
14
37
64
82
85
12
99
65
43
67
93
65
70
74
27
19
35
37
74
88
80
10
71
99
18
70
79
43
9
46
33
55
41
51
54
65
60
77
30
86
6
48
32
52
0
18
70
51
36
1
51
81
24
54
32
13
54
24
48
76
32
90
94
9
47
12
94
80
92
92
57
1
69
62
27
98
72
99
19
55
92
67
56
36
46
18
18
36
7
86
29
39
85
18
74
16
67
22
88
49
26
57
43
49
98
30
83
84
2
73
25
61
63
15
96
21
75
8
21
76
0
48
24
57
48
43
53
0
12
7
87
80
72
30
32
1
63
91
90
62
62
82
37
30
97
53
90
36
55
73
10
17
3
33
73
59
78
53
69
37
60
48
97
24
81
24
74
73
4
87
71
74
48
73
35
99
14
10
31
7
15
37
13
13
62
87
44
93
37
90
91
4
12
99
80
52
82
15
16
80
72
62
24
87
69
6
37
34
88
78
15
70
44
54
71
75
9
83
42
20
73
43
80
40
89
87
11
93
17
92
66
70
58
30
4
53
27
62
61
75
86
17
25
41
78
91
5
67
54
99
93
31
21
13
17
29
29
9
62
44
60
76
57
29
91
15
3
72
79
16
51
39
18
34
4
49
4
76
51
61
44
86
7
80
24
5
46
35
22
33
26
44
37
3
74
32
62
67
20
47
10
71
47
33
51
76
17
96
88
93
61
16
16
9
40
62
75
92
22
51
60
22
67
28
4
61
90
81
97
0
73
53
70
21
61
80
14
19
68
72
48
0
62
6
93
0
81
6
11
57
92
15
49
76
21
58
62
37
69
31
99
20
67
77
49
96
30
81
58
75
72
60
54
15
31
47
57
98
61
36
29
51
3
64
87
55
83
87
49
40
22
20
21
94
48
18
40
2
82
96
15
84
57
5
6
68
75
68
69
50
57
68
25
18
33
83
59
80
39
2
39
8
40
39
59
27
5
55
52
82
63
21
97
69
30
84
99
31
79
36
35
96
33
62
14
17
82
69
24
7
95
45
85
8
28
49
44
92
11
51
53
36
32
48
33
90
96
2
71
46
15
84
35
92
60
86
4
38
21
80
61
0
2
41
50
91
30
90
18
24
79
31
13
77
98
96
66
96
80
79
11
90
27
62
59
92
55
69
87
70
39
64
71
67
12
98
6
34
84
28
21
33
84
38
75
7
56
89
79
76
79
50
96
12
96
31
23
84
70
75
13
34
15
76
77
79
21
72
63
94
85
3
27
6
38
51
28
27
23
89
86
66
46
57
48
75
38
97
90
45
15
3
73
12
76
48
16
29
27
34
69
53
82
4
37
22
61
36
44
0
90
69
45
24
75
72
84
80
12
36
20
91
66
79
14
29
6
83
63
85
57
20
15
0
4
32
38
77
28
57
85
8
98
84
51
97
55
3
78
17
14
4
49
65
68
41
53
30
79
95
24
52
86
55
9
92
96
33
55
16
52
97
97
87
57
3
28
3
76
60
41
53
89
10
1
67
46
61
90
97
80
44
29
87
8
23
24
28
60
99
