2377.88
2910.66
8458.14
1522.08
5855.37
1934.75
8106.23
1735.31
4849.83
1518.63
3669.57
4917.36
9100.94
2652.57
8931.88
2203.51
6317.98
5710.77
3321.58
1044.55
5029.31
5673.94
8541.65
401.409
1080.22
6393.96
131.11
7201.84
1018.14
4829.45
2543.55
6766.97
8967.82
7598.96
7202.92
9076.23
9286.11
3776.63
8997.56
7788.8
3242.55
1942.31
9955.53
1612.96
7080.34
5015.19
9363.01
7163.23
1051.9
2092.05
5593.97
7054.32
782.337
5105.3
1961.97
2742.11
6386.02
4482.08
398.718
4672.51
777.565
381.004
1600.44
3978.32
6888.98
5347.12
6869.2
2724.57
4659.33
2765.55
4500.86
9350.69
869.318
4538.89
9456.25
8557.19
1209.76
141.639
2345.15
8663.13
4373.9
7695.48
8740.03
3769.34
9443.28
7984.93
8386.34
9466.56
5860.52
5991.63
3193.47
4211.62
9041.07
1584.62
8351.59
7319.42
4918.37
2121.29
1197.52
483.631
4260.26
3257.82
1046.62
4289.16
6231.48
6187
7799.97
4880.31
9895.5
9258.51
6421.74
7473.65
9565.69
5159.66
2213.98
2996.32
8101.62
63.5903
2805.7
9191.72
3673.8
4072.52
8745.03
9522.6
9903.6
1504.04
5482.36
2371.34
7718.46
4587.66
7312.23
1971.55
4737.11
9237.97
8588.66
9457.98
3996.86
3453.12
2010.31
3220.08
3361.71
5706.86
4370
8743.9
6439.38
5179.41
8948.74
8392.02
6376.95
4763.29
4229.85
90.3642
6081.99
9275.47
3487.08
2528.15
4112.77
2464.36
9783.78
4702.15
6823.45
8020.97
8504.6
2764.86
6022.68
7069.3
1358.46
7589.94
3776.94
1576.91
6457.22
6352.73
5611.24
2032.98
9506.63
9072.32
4231.98
6445.96
9442.28
7543.9
7607.49
413.186
9604.91
3278.71
7351.23
6096.26
5618.85
5522.45
7026.5
2508.86
4880.21
2598.66
7186.32
4498.55
6470.1
1207.21
445.171
9033.83
8491.8
2488.67
5941.79
7952.1
1172.17
4533.89
240.753
4610.75
3354.65
9794.03
4973.44
3922.18
2314.2
8691.15
3454.44
7684.28
7774.65
3856.64
3132.11
6619.19
9147.34
3260.11
5724.47
5508.25
210.396
7033.84
5054.81
3559.41
6324.27
2346.95
9416.25
774.716
8364.66
2141.6
3718.51
175.735
6528.46
2139.7
4172.68
3679.31
2751.64
6983.62
3429.59
2871.87
415.765
8023.25
8436.44
8041.35
1320.05
8671.28
4767.54
386.389
5908.84
2935.34
5444.2
324.41
2923.07
109.39
4607.94
1078.03
2285.24
2730.41
1764.24
256.045
2744.71
8686.5
6638.6
7810.77
2344.66
2585.42
7196.17
550.814
344.843
5318.28
9240.46
1554.66
245.813
3700.25
1384.54
9159.18
3015.83
6147.93
2767.12
1914.46
5174.57
899.034
6407.28
6617.68
3651.52
8706.33
2265.74
8590.01
936.968
353.22
1127.94
9492.59
1634.19
5352.7
5528.44
2056.9
4196.6
8369.28
2048.6
4800.23
1783.86
5213.44
8085.31
8501.07
6524.33
4960.77
3002.11
4322.17
2993.45
7760.98
8147.37
4056.21
6991.55
2435.76
2760.17
5683.24
5792.63
400.565
1478.6
3763.84
6494.25
8258.49
8514.54
1259.25
9945.75
6584.35
4395.12
6739.79
9325.2
6521.37
7072.18
7417.02
2735.3
1975.76
3530.42
3776.24
7476.49
8861.02
8020.21
1036.03
7183.96
9951.09
1865.55
7040.11
7939.15
4346.43
964.105
4615.62
3321.95
5587.69
4177.71
5114.68
5467.9
6595.83
6088.42
7722.61
3075.31
8603.75
660.65
4857.25
3226.54
5275.13
75.3681
1859.22
7072.66
5157.97
3659.05
183.374
5144.14
8146.25
2468.42
5461.86
3222.85
1370.21
5426.43
2417.98
4853.74
7613.91
3297.14
9089.77
9490.34
968.939
4732.78
1227.03
9485.52
8000.06
9259.31
9205.06
5789.41
184.528
6924.31
6249.52
2770.88
9843.06
7260.09
9995.39
1971.15
5501.58
9277.81
6754.3
5615.32
3635.53
4671.56
1855.53
1806.61
3672.16
712.273
8651.42
2997.85
3961.95
8577.58
1899.53
7487.22
1664.93
6779.61
2247.5
8843.34
4931.76
2654.37
5729.69
4333.44
4994.09
9851.34
3077.88
8353.01
8428.38
287.602
7360.27
2518.24
6177.29
6360.66
1504.8
9651.05
2119.47
7581.34
804.18
2174.39
7600.82
18.8016
4872.54
2486.44
5783.59
4873.36
4363.7
5332.64
65.4204
1292.45
777.972
8778.03
8037.34
7242.39
3031.8
3216.33
140.639
6390.15
9161.04
9004.1
6264.19
6259.58
8230.73
3732.31
3010.12
9764.42
5379.74
9015.27
3686.83
5542.36
7348.97
1021.13
1733.4
384.823
3382.67
7344.63
5922.2
7821.73
5308.95
6973.88
3753.49
6000.99
4844.33
9776.09
2430.46
8160.15
2493.59
7487.68
7339.03
416.902
8769.91
7198.29
7485.89
4846.16
7364.4
3541.68
9902.34
1407.14
1058.2
3177.67
759.002
1563.18
3737.58
1338.4
1357.2
6229.74
8716.18
4499.77
9373.14
3736.84
9069.48
9134.9
427.351
1205.32
9983.35
8020.69
5263.08
8294.88
1511.2
1651.84
8042
7203.03
6207.13
2471.32
8730.9
6961.63
693.941
3704.06
3468.48
8848.23
7863.5
1550.33
7092.69
4441.66
5462.78
7196.19
7581.01
963.681
8308.31
4230.51
2052.24
7361.19
4335.07
8088.56
4089.55
8933.88
8709.97
1140.43
9300.59
1794.18
9281.86
6620.89
7037.79
5807.7
3005.99
491.88
5338.04
2702.43
6244.12
6146.46
7553.61
8611.8
1789.47
2548.47
4111.65
7849.23
9187.63
544.826
6774.57
5490.75
9990.52
9363.66
3100.5
2169.98
1304.88
1732.23
2937.55
2920.91
941.593
6204.67
4499.55
6010.75
7662.6
5704.59
2907.62
9114.76
1586.07
316.973
7278.6
7972.55
1676.61
5145.09
3993.32
1856.82
3407.14
499.83
4941.48
404.269
7600.46
5181.46
6145.15
4453.45
8683.96
736.2
8097.39
2432.46
521.023
4610.58
3544.46
2254.43
3394.86
2695.44
4489.62
3771.49
392.373
7430.16
3237.86
6243.85
6735.73
2073.77
4776.2
1020.32
7166.78
4720.39
3332.19
5121.66
7670.13
1781.78
9631.01
8818.64
9363.46
6138.03
1628.78
1619.3
982.959
4083.46
6253.44
7558.32
9290.55
2228.1
5149.01
6090.6
2295.27
6794.82
2805.58
468.174
6172.77
9080.39
8195.15
9781.22
98.194
7376.8
5349.35
7025.95
2171.05
6164.37
8021.18
1428.32
1928.15
6869.64
7273.91
4874.36
55.8285
6200.97
654.428
9338.39
74.5887
8171.98
604.44
1125.46
5736.04
9280.5
1534.92
4929.78
7625.23
2114.85
5886.33
6278.71
3708.87
6946.73
3190.58
9926.31
2000.08
6776.29
7796.61
4963.39
9683.79
3015.98
8137.64
5807.77
7589.55
7220.56
6039.19
5402.66
1540.68
3169.46
4788.76
5771.72
9855.18
6108.61
3666.93
2957.48
5185.58
334.582
6425.18
8720.45
5515.28
8320.86
8789.03
4961.79
4042.18
2237.33
2018.55
2116.75
9493.54
4842.89
1868.84
4039.89
204.256
8225.44
9653.76
1581.92
8451.56
5725.46
599.828
655.656
6856.63
7511.06
6849.45
6924.04
5096.01
5700.45
6825.92
2561.96
1842.45
3377.37
8307.16
5932.38
8047.23
3933.56
212.271
3921.14
867.869
4058.45
3984.76
5984.85
2761.14
557.746
5521.14
5204.93
8220.9
6358.54
2166.31
9755.86
6976.41
3015.61
8418.26
9958.95
3128.41
7917.17
3688.89
3544.07
9652.68
3319.61
6277.08
1462.66
1797.24
8222.42
6942.88
2458.15
779.01
9568.04
4529.83
8572.02
809.349
2827.9
4944.65
4438.19
9281.08
1149.92
5189.81
5394.07
3619.5
3273.27
4855.18
3306.74
9032.2
9632.03
287.686
7144.32
4655.37
1504.82
8428.86
3524.87
9225.33
6051.25
8613.2
455.656
3833.03
2140.19
8072.57
6119.8
53.3623
265.633
4186.77
5054.64
9113.09
3097.86
9082.7
1843.84
2401.59
7922.73
3127.65
1348.56
7707.1
9873.41
9629.27
6605.68
9621.29
8039.55
7998.5
1126.91
9044.08
2732.97
6277.04
5929.72
9249.33
5526.41
6989.07
8786.32
7008.74
3951.62
6409.77
7188.78
6756.82
1286.65
9858.67
668.02
3495.92
8440.57
2878.76
2159.83
3309.76
8499.57
3893.64
7513.14
786.409
5641.59
8948.33
7980.53
7612.56
7900.24
5044.56
9699.93
1204.76
9633.62
3158.49
2383.82
8435.06
7048.27
7503.92
1336.95
3477.14
1549.71
7669.5
7722.87
7988.5
2175.27
7229.91
6343
9440.86
8523.56
367.403
2768.99
691.718
3819.37
5167.93
2875.03
2748.44
2377.71
8983.39
8604.68
6644.23
4642.73
5769.64
4813.72
7546.69
3823.73
9753.46
9002.79
4529.2
1518.28
304.592
7313.33
1264.95
7674.72
4863.5
1620.32
2906.97
2765.64
3433.66
6929.58
5370.15
8248.91
408.739
3718.5
2218.07
6111.7
3624.85
4411.26
52.8459
9001.17
6981.7
4594.26
2494.5
7539.06
7239
8443.76
8077.37
1235.86
3619.68
2054.74
9103
6606.93
7943.88
1421.01
2970.72
640.223
8363.09
6351.59
8526.86
5756.77
2099.77
1540.63
64.1908
431.594
3200.58
3892.3
7711.67
2879.61
5754.64
8503.08
880.783
9864.17
8468.84
5113.07
9755.8
5525.44
339.166
7885.86
1709.59
1463.05
465.835
4995.04
6513.31
6817.9
4131.23
5396.18
3070.9
7934.4
9554.72
2461.7
5227.34
8661.01
5590.59
960.743
9209.65
9618.39
3336.88
5554.95
1666.65
5291.5
9702.76
9755.6
8756.77
5738.48
332.738
2827.24
366.305
7605.3
6049.06
4126.43
5362.29
8981.97
1036.71
139.715
6746.64
4690.52
6111.53
9082.25
9722.47
8085.56
4437.15
2964.01
8720.78
820.547
2361.18
2425.37
2856.96
6057.54
9949.84
