# id:0.374:0.5-0.656:0.5-0.626:2-0
0 0 30 
85 40 55 
75 25 45 
15 0 30 
60 10 40 
5 0 20 
85 35 40 
25 0 35 
90 65 50 
75 25 45 
15 0 25 
70 25 55 
60 25 45 
70 15 55 
15 0 30 
20 0 45 
100 75 50 
90 55 55 
100 100 60 
35 0 45 
0 0 20 
100 90 50 
70 15 50 
10 0 45 
100 65 50 
35 0 35 
90 80 45 
100 100 70 
65 10 40 
100 80 50 
60 20 45 
100 80 55 
50 15 50 
90 90 55 
20 0 25 
90 30 40 
75 15 45 
60 10 50 
70 10 40 
100 100 60 
100 75 60 
100 55 55 
65 30 40 
65 10 55 
90 35 40 
15 0 30 
30 15 40 
10 0 35 
15 0 40 
95 35 40 
100 85 60 
90 65 50 
100 70 55 
70 15 55 
25 0 40 
95 35 55 
95 30 45 
100 85 65 
100 75 55 
100 80 50 
40 5 50 
75 20 55 
100 70 50 
95 65 45 
45 10 40 
100 85 65 
20 0 50 
15 0 35 
85 20 60 
65 25 45 
100 95 60 
30 10 40 
95 75 55 
15 5 40 
80 20 50 
15 0 25 
100 80 50 
90 70 55 
0 0 15 
20 10 50 
100 80 45 
90 75 45 
100 100 50 
0 0 35 
90 75 55 
25 0 30 
5 0 15 
100 75 55 
15 0 35 
0 0 30 
30 20 45 
20 0 25 
80 25 55 
20 5 25 
40 5 40 
100 90 60 
75 25 50 
100 75 45 
100 85 45 
100 85 60 
30 0 40 
70 25 55 
85 60 50 
100 55 45 
50 15 40 
5 0 35 
95 25 50 
85 55 60 
95 75 50 
75 20 45 
5 0 30 
5 0 25 
90 35 55 
100 75 50 
100 80 50 
100 70 50 
40 10 50 
100 80 65 
10 5 30 
70 20 35 
15 5 45 
15 0 45 
0 0 25 
25 0 35 
85 60 50 
15 0 30 
80 35 40 
100 80 50 
95 40 55 
10 0 20 
80 35 55 
0 0 30 
30 0 40 
25 0 40 
20 5 30 
100 60 45 
80 20 55 
90 85 50 
25 0 35 
95 65 45 
5 0 20 
25 15 40 
85 30 45 
70 25 40 
80 25 45 
100 85 45 
25 0 45 
25 0 40 
100 80 45 
95 70 45 
20 0 45 
30 15 50 
100 80 60 
30 10 35 
85 60 60 
85 30 50 
100 85 60 
30 15 45 
55 10 50 
70 20 45 
100 80 50 
85 20 45 
20 0 35 
55 5 40 
40 15 50 
95 35 40 
15 0 35 
100 95 60 
0 0 25 
5 0 15 
80 25 55 
70 5 50 
65 20 40 
100 70 60 
45 10 40 
25 15 35 
95 40 50 
70 20 55 
65 20 50 
80 20 55 
100 85 65 
90 70 40 
10 0 35 
90 75 45 
15 5 35 
10 0 20 
15 0 40 
30 5 30 
100 85 50 
100 90 50 
100 80 55 
0 0 15 
100 80 55 
65 10 50 
85 30 55 
25 0 45 
90 25 50 
95 35 50 
85 80 55 
35 15 30 
85 30 60 
15 0 25 
75 15 50 
95 75 45 
70 25 40 
100 95 65 
35 5 45 
15 5 45 
5 0 15 
70 20 55 
15 0 45 
80 45 45 
25 0 25 
30 10 40 
20 0 40 
100 55 55 
40 10 45 
30 10 45 
75 25 45 
30 0 40 
95 60 60 
70 15 50 
100 70 50 
75 15 55 
45 10 45 
35 5 55 
45 0 50 
40 0 35 
20 5 40 
10 0 40 
10 0 35 
100 80 45 
65 25 55 
35 10 45 
95 35 60 
65 5 50 
100 90 55 
60 5 45 
5 0 30 
100 85 60 
95 55 60 
90 80 50 
15 0 25 
15 0 25 
60 10 55 
100 85 65 
95 80 55 
15 0 30 
90 40 50 
90 75 55 
0 0 15 
90 70 45 
90 70 50 
100 85 60 
90 70 55 
15 0 35 
20 0 50 
50 15 45 
30 10 35 
45 5 35 
60 15 45 
70 30 45 
50 0 45 
10 0 25 
95 70 45 
60 15 55 
5 0 30 
100 90 55 
35 15 55 
15 0 30 
0 0 15 
85 65 50 
90 35 40 
100 95 45 
25 0 30 
100 85 50 
0 0 15 
95 85 60 
50 20 35 
100 85 50 
20 5 35 
20 0 35 
15 0 35 
85 55 55 
25 10 35 
80 35 60 
20 0 40 
70 10 50 
95 60 60 
15 0 35 
100 80 55 
5 0 20 
90 75 50 
75 20 50 
30 5 50 
100 80 55 
95 80 45 
85 20 45 
90 65 55 
0 0 30 
20 0 45 
95 70 45 
100 80 55 
100 75 60 
90 40 45 
15 0 45 
85 35 55 
95 65 60 
5 0 25 
0 0 30 
10 0 30 
100 90 55 
0 0 15 
30 0 55 
100 70 50 
30 5 40 
80 30 55 
25 0 30 
95 25 50 
40 0 40 
100 95 55 
100 90 65 
85 15 55 
100 80 55 
85 30 55 
30 0 50 
65 15 55 
100 75 60 
30 0 35 
75 30 60 
20 10 35 
80 60 45 
50 0 45 
75 25 40 
30 10 30 
50 20 50 
100 85 50 
65 5 50 
100 100 60 
20 5 35 
65 10 40 
20 0 30 
95 30 60 
100 90 60 
30 0 45 
30 5 40 
70 25 50 
100 75 50 
100 80 45 
5 0 30 
30 5 30 
15 5 35 
100 65 40 
25 0 45 
90 70 50 
15 0 40 
0 0 15 
75 25 55 
30 15 45 
95 25 45 
90 65 60 
100 75 50 
100 85 50 
100 70 60 
0 0 20 
85 20 55 
0 0 25 
100 100 60 
80 30 45 
10 0 25 
85 15 45 
90 60 55 
75 10 55 
85 40 55 
75 25 50 
75 20 40 
95 60 55 
5 5 35 
0 0 30 
80 15 55 
100 95 60 
20 0 40 
95 70 50 
95 75 50 
25 0 30 
5 0 20 
40 15 50 
95 75 55 
10 0 30 
5 0 30 
100 80 60 
95 60 60 
65 5 45 
80 65 60 
100 90 55 
100 90 55 
100 75 60 
5 0 35 
100 85 55 
30 0 40 
65 5 40 
90 20 50 
70 5 45 
15 0 45 
100 95 70 
75 30 45 
10 0 20 
80 40 60 
90 65 50 
100 95 55 
100 100 55 
20 0 35 
35 0 45 
25 0 40 
100 80 50 
15 0 40 
95 65 55 
75 20 50 
100 95 50 
15 0 25 
100 75 45 
85 65 50 
5 0 25 
90 65 50 
90 55 45 
70 25 45 
100 90 65 
85 15 45 
75 20 45 
95 35 55 
15 5 40 
90 80 55 
75 25 60 
95 60 50 
10 0 40 
100 80 60 
30 10 50 
70 15 50 
5 0 30 
85 20 60 
55 20 40 
95 80 60 
30 10 40 
15 0 30 
10 0 30 
100 85 70 
30 10 45 
75 30 60 
60 0 40 
10 0 20 
100 90 45 
40 10 45 
15 0 15 
80 20 55 
100 85 50 
10 0 30 
10 0 25 
100 95 65 
70 25 55 
95 70 60 
10 0 35 
85 25 45 
90 80 60 
80 45 55 
30 20 40 
100 75 50 
85 65 50 
75 15 50 
90 75 50 
15 0 30 
10 0 30 
70 20 55 
15 0 45 
100 85 60 
75 15 60 
100 85 60 
95 30 55 
95 55 55 
10 0 35 
50 10 45 
75 15 45 
15 0 25 
20 5 35 
85 70 45 
100 75 55 
80 20 55 
100 70 45 
100 75 45 
75 25 50 
100 85 55 
100 80 55 
90 80 55 
15 0 25 
60 10 40 
25 0 50 
85 15 40 
10 0 15 
40 0 35 
85 30 45 
100 90 60 
60 15 55 
90 45 55 
65 20 55 
20 0 20 
95 50 60 
85 45 45 
100 90 65 
65 15 55 
85 60 45 
100 80 50 
100 75 60 
100 95 60 
5 0 40 
65 0 40 
85 25 60 
15 0 35 
100 75 60 
5 0 35 
10 0 25 
100 75 60 
90 80 45 
100 90 60 
40 10 45 
35 5 40 
95 90 60 
70 25 50 
60 15 40 
20 0 30 
85 15 50 
85 15 55 
25 0 40 
100 95 60 
100 90 55 
95 65 45 
100 85 50 
10 0 30 
10 0 30 
0 0 20 
100 70 55 
80 20 50 
55 20 40 
75 10 45 
100 75 60 
100 85 65 
10 0 20 
90 70 50 
0 0 25 
100 100 55 
75 15 55 
100 75 55 
40 5 40 
85 15 50 
90 30 45 
100 95 65 
65 10 45 
20 5 40 
25 5 35 
15 0 25 
65 20 55 
20 0 35 
80 45 50 
40 10 50 
70 15 55 
80 15 55 
20 0 25 
85 30 40 
90 80 55 
10 0 30 
95 70 45 
25 5 45 
100 75 45 
100 80 55 
100 60 45 
65 10 40 
100 90 60 
100 85 55 
100 95 50 
85 45 50 
50 10 35 
30 10 30 
70 10 50 
85 35 50 
100 90 65 
35 0 35 
90 75 50 
75 30 55 
90 65 60 
100 100 55 
100 80 55 
95 95 65 
100 90 50 
5 0 40 
15 0 30 
0 0 25 
80 25 50 
70 20 45 
90 85 60 
10 0 35 
95 75 60 
35 15 40 
30 15 40 
40 0 50 
100 90 60 
15 5 30 
20 5 35 
10 0 35 
90 75 40 
100 90 55 
100 95 55 
100 80 65 
40 5 45 
90 80 40 
80 20 50 
100 85 55 
100 90 65 
5 0 25 
80 15 45 
80 20 55 
20 0 45 
85 50 45 
80 35 50 
100 70 60 
100 85 65 
100 55 45 
90 60 45 
20 0 30 
65 10 40 
90 55 45 
80 45 50 
90 25 50 
70 10 40 
95 70 50 
100 95 55 
90 30 60 
35 0 50 
15 0 40 
90 20 40 
90 45 40 
85 10 45 
60 15 45 
15 0 40 
0 0 25 
100 80 45 
20 5 40 
65 20 40 
95 70 45 
25 5 45 
85 45 55 
80 25 50 
85 65 50 
10 0 25 
100 65 45 
100 65 50 
20 5 40 
85 55 45 
60 5 55 
100 90 60 
5 0 20 
95 60 50 
25 5 50 
70 10 50 
40 5 35 
60 10 50 
90 65 50 
25 0 40 
85 40 45 
0 0 25 
85 30 40 
60 15 50 
100 90 50 
10 0 40 
100 75 45 
100 95 65 
0 0 15 
20 0 40 
15 0 30 
65 10 45 
15 5 35 
30 0 30 
70 5 45 
35 0 40 
100 65 60 
100 60 55 
85 25 40 
100 90 55 
90 30 55 
85 30 60 
65 15 55 
90 35 45 
65 5 35 
75 20 35 
65 5 45 
85 45 45 
20 0 45 
15 0 30 
100 90 60 
80 35 60 
0 0 25 
20 0 35 
100 80 60 
100 90 50 
100 95 65 
100 85 60 
100 75 45 
40 5 45 
80 45 55 
5 0 35 
100 85 60 
10 0 35 
40 15 35 
70 25 40 
30 5 45 
100 75 55 
100 85 65 
35 15 35 
10 0 20 
100 85 55 
80 35 40 
80 20 55 
100 90 60 
80 15 50 
85 30 60 
15 0 30 
95 85 65 
100 75 50 
95 55 45 
30 0 30 
85 40 40 
10 0 40 
100 65 55 
30 0 35 
100 65 55 
10 0 35 
10 0 25 
50 10 55 
80 20 55 
85 30 45 
75 15 55 
100 100 65 
85 70 60 
60 15 45 
100 95 55 
80 30 45 
85 65 45 
100 85 55 
95 65 55 
90 75 50 
40 5 45 
15 0 35 
95 40 45 
25 0 45 
5 0 30 
100 80 55 
20 0 45 
100 80 45 
95 40 55 
95 80 55 
100 100 55 
20 0 40 
75 15 45 
100 90 45 
10 0 45 
100 80 55 
65 10 40 
100 95 65 
5 0 15 
90 70 45 
75 15 45 
65 10 50 
85 40 50 
100 70 45 
80 30 50 
100 85 65 
100 75 55 
100 90 50 
85 40 40 
100 85 55 
10 0 25 
90 75 50 
85 35 50 
100 90 65 
100 90 65 
30 0 55 
75 5 45 
85 30 55 
100 85 55 
100 75 55 
95 40 50 
25 0 35 
100 70 45 
90 65 45 
95 85 50 
95 70 55 
15 0 35 
90 70 50 
15 10 40 
70 25 45 
100 85 60 
10 0 35 
85 60 50 
75 15 50 
20 0 45 
100 65 60 
5 0 30 
70 25 45 
10 0 25 
100 70 50 
5 0 30 
90 70 60 
85 35 45 
70 10 50 
75 10 55 
100 85 50 
30 0 35 
10 0 25 
100 80 55 
100 65 45 
80 20 60 
100 75 45 
65 5 45 
100 75 45 
100 75 65 
15 0 35 
60 10 35 
100 80 55 
80 15 45 
80 15 55 
95 60 50 
20 0 25 
35 15 40 
80 30 40 
15 0 20 
80 25 40 
15 0 30 
100 70 50 
65 20 50 
20 0 35 
45 15 55 
85 80 60 
80 50 45 
55 5 45 
10 0 35 
25 0 45 
0 0 15 
100 80 45 
70 10 40 
75 20 45 
25 0 35 
25 0 35 
10 0 40 
80 20 50 
90 50 50 
40 10 50 
100 85 60 
90 85 45 
0 0 15 
100 85 45 
100 80 50 
20 5 35 
30 0 45 
20 0 25 
70 20 45 
80 20 50 
90 35 50 
80 30 45 
0 0 20 
100 95 50 
20 10 40 
100 85 50 
90 80 50 
90 35 40 
100 85 50 
0 0 20 
20 0 30 
5 0 25 
30 15 40 
70 20 45 
55 15 55 
15 0 45 
25 0 35 
90 70 60 
90 30 55 
100 80 50 
90 35 40 
0 0 25 
35 0 40 
75 20 55 
15 0 35 
100 100 60 
20 0 20 
40 5 55 
20 0 25 
100 85 45 
55 15 55 
80 20 50 
100 75 55 
5 0 25 
15 0 30 
10 0 20 
30 5 35 
95 85 55 
15 0 25 
100 70 55 
80 25 55 
90 40 55 
40 5 45 
100 80 45 
5 0 25 
5 0 15 
40 10 35 
80 25 40 
100 100 60 
100 65 40 
5 0 25 
10 5 35 
5 0 20 
100 60 40 
75 10 55 
40 0 40 
100 95 60 
85 45 55 
90 70 60 
25 0 40 
85 25 45 
80 15 60 
65 20 50 
70 0 40 
100 95 55 
10 0 35 
100 85 45 
100 95 60 
100 50 45 
80 30 40 
75 35 60 
10 0 30 
85 45 55 
100 85 60 
15 5 30 
20 5 45 
30 0 50 
80 50 45 
15 0 25 
75 10 40 
95 85 55 
5 0 15 
85 60 60 
75 30 55 
100 80 50 
100 90 45 
70 5 55 
55 0 40 
90 35 50 
25 15 55 
70 25 40 
75 25 45 
75 20 45 
20 5 45 
15 0 30 
100 75 50 
80 30 55 
100 80 45 
100 85 60 
55 15 55 
85 45 60 
85 30 55 
30 0 35 
100 80 50 
30 0 35 
0 0 15 
100 80 50 
80 25 45 
70 10 40 
25 0 35 
15 0 35 
80 30 60 
35 0 40 
85 35 50 
100 90 55 
15 0 25 
30 5 40 
85 75 55 
100 95 60 
95 30 60 
75 15 40 
100 90 60 
80 25 50 
15 0 20 
100 85 55 
100 65 55 
35 0 50 
100 90 50 
25 5 40 
90 90 50 
15 10 35 
5 0 40 
90 60 50 
10 0 20 
85 35 50 
20 0 25 
5 0 35 
